Time: 16.308307886124
Memory: 1369.17412

Time: 18.00019288063
Memory: 3472.79368

